Q Matrix:
[[0.96327914 0.11532555 0.71916322 0.49158624]
 [0.7488098  0.21265422 0.59259665 0.41854298]
 [0.94152125 0.33701014 0.61135777 0.23665996]
 [0.09561641 0.13967083 0.95595916 0.90335251]
 [0.97394385 0.59059789 0.94469769 0.73668733]
 [0.24780181 0.32019147 0.9365174  0.36361598]
 [0.15843194 0.94075778 0.49271909 0.31867268]
 [0.24839092 0.62311791 0.04380622 0.86000086]
 [0.22419987 0.33898458 0.10913969 0.63346889]
 [0.68308274 0.76170128 0.35116572 0.75408944]
 [0.92870093 0.20511565 0.35786969 0.21570608]
 [0.7738377  0.34066496 0.46878939 0.08104665]
 [0.68862728 0.96985729 0.03790443 0.49291852]
 [0.80309834 0.78413642 0.66203879 0.3268491 ]
 [0.11110574 0.91639732 0.52801443 0.30586083]
 [0.68984428 0.89210726 0.39574345 0.15574243]
 [0.64425522 0.88646489 0.42909092 0.25433708]
 [0.8461113  0.1192024  0.71193725 0.32314961]]

K Matrix:
[[0.96327914 0.11532555 0.71916322 0.49158624]
 [0.7488098  0.21265422 0.59259665 0.41854298]
 [0.94152125 0.33701014 0.61135777 0.23665996]
 [0.09561641 0.13967083 0.95595916 0.90335251]
 [0.97394385 0.59059789 0.94469769 0.73668733]
 [0.24780181 0.32019147 0.9365174  0.36361598]
 [0.15843194 0.94075778 0.49271909 0.31867268]
 [0.24839092 0.62311791 0.04380622 0.86000086]
 [0.22419987 0.33898458 0.10913969 0.63346889]
 [0.68308274 0.76170128 0.35116572 0.75408944]
 [0.92870093 0.20511565 0.35786969 0.21570608]
 [0.7738377  0.34066496 0.46878939 0.08104665]
 [0.68862728 0.96985729 0.03790443 0.49291852]
 [0.80309834 0.78413642 0.66203879 0.3268491 ]
 [0.11110574 0.91639732 0.52801443 0.30586083]
 [0.68984428 0.89210726 0.39574345 0.15574243]
 [0.64425522 0.88646489 0.42909092 0.25433708]
 [0.8461113  0.1192024  0.71193725 0.32314961]]

V Matrix:
[[0.96327914 0.11532555 0.71916322 0.49158624]
 [0.7488098  0.21265422 0.59259665 0.41854298]
 [0.94152125 0.33701014 0.61135777 0.23665996]
 [0.09561641 0.13967083 0.95595916 0.90335251]
 [0.97394385 0.59059789 0.94469769 0.73668733]
 [0.24780181 0.32019147 0.9365174  0.36361598]
 [0.15843194 0.94075778 0.49271909 0.31867268]
 [0.24839092 0.62311791 0.04380622 0.86000086]
 [0.22419987 0.33898458 0.10913969 0.63346889]
 [0.68308274 0.76170128 0.35116572 0.75408944]
 [0.92870093 0.20511565 0.35786969 0.21570608]
 [0.7738377  0.34066496 0.46878939 0.08104665]
 [0.68862728 0.96985729 0.03790443 0.49291852]
 [0.80309834 0.78413642 0.66203879 0.3268491 ]
 [0.11110574 0.91639732 0.52801443 0.30586083]
 [0.68984428 0.89210726 0.39574345 0.15574243]
 [0.64425522 0.88646489 0.42909092 0.25433708]
 [0.8461113  0.1192024  0.71193725 0.32314961]]

Output Matrix:
[[0.64143976 0.50888665 0.5500649  0.44109464]
 [0.63045116 0.51807542 0.5422813  0.44064738]
 [0.6400636  0.52221722 0.54144742 0.43336584]
 [0.59492289 0.51169119 0.55603224 0.46352771]
 [0.63630576 0.52678719 0.55100894 0.447311  ]
 [0.6073083  0.52215177 0.55071271 0.44498363]
 [0.59531194 0.5613872  0.52211468 0.44078958]
 [0.59441033 0.55096365 0.51102537 0.45675508]
 [0.59885989 0.53722889 0.51873061 0.45156916]
 [0.6170293  0.5483411  0.5234723  0.4486584 ]
 [0.63958794 0.5204239  0.53440997 0.43266774]
 [0.63299504 0.52708386 0.53491724 0.430391  ]
 [0.61549204 0.56476032 0.50768569 0.44043213]
 [0.62838787 0.54408954 0.53489178 0.43595412]
 [0.59356462 0.56010504 0.52364191 0.44103453]
 [0.6218641  0.55577678 0.52226723 0.43146951]
 [0.61914915 0.55508528 0.52341355 0.43464026]
 [0.63761126 0.51080378 0.54856967 0.4375568 ]]

Q Matrix:
[[0.34638099 0.28790084 0.82741263 0.30053408]
 [0.45399088 0.87243944 0.41082324 0.27479163]
 [0.35444039 0.53315032 0.29790224 0.52576736]
 [0.7069632  0.2124615  0.32678263 0.18388071]
 [0.33437662 0.35737024 0.95889836 0.23408593]
 [0.90481952 0.58144572 0.3458672  0.56205796]
 [0.92327323 0.46876134 0.19670546 0.38925219]
 [0.35506454 0.28850525 0.18715889 0.48074953]
 [0.81449399 0.4372488  0.76883273 0.80380448]
 [0.73696315 0.99014695 0.38235219 0.07590575]
 [0.87460801 0.90060307 0.70278563 0.84081374]
 [0.15640763 0.37785566 0.1956758  0.00158169]
 [0.64861299 0.27120939 0.84638743 0.56782541]
 [0.4542987  0.01161012 0.65685342 0.77176423]
 [0.30475098 0.34999184 0.61784356 0.15524047]
 [0.43130853 0.92543796 0.51818121 0.79739808]
 [0.70674585 0.71426209 0.32157522 0.97174991]
 [0.31467564 0.69343559 0.11128392 0.70449194]]

K Matrix:
[[0.34638099 0.28790084 0.82741263 0.30053408]
 [0.45399088 0.87243944 0.41082324 0.27479163]
 [0.35444039 0.53315032 0.29790224 0.52576736]
 [0.7069632  0.2124615  0.32678263 0.18388071]
 [0.33437662 0.35737024 0.95889836 0.23408593]
 [0.90481952 0.58144572 0.3458672  0.56205796]
 [0.92327323 0.46876134 0.19670546 0.38925219]
 [0.35506454 0.28850525 0.18715889 0.48074953]
 [0.81449399 0.4372488  0.76883273 0.80380448]
 [0.73696315 0.99014695 0.38235219 0.07590575]
 [0.87460801 0.90060307 0.70278563 0.84081374]
 [0.15640763 0.37785566 0.1956758  0.00158169]
 [0.64861299 0.27120939 0.84638743 0.56782541]
 [0.4542987  0.01161012 0.65685342 0.77176423]
 [0.30475098 0.34999184 0.61784356 0.15524047]
 [0.43130853 0.92543796 0.51818121 0.79739808]
 [0.70674585 0.71426209 0.32157522 0.97174991]
 [0.31467564 0.69343559 0.11128392 0.70449194]]

V Matrix:
[[0.34638099 0.28790084 0.82741263 0.30053408]
 [0.45399088 0.87243944 0.41082324 0.27479163]
 [0.35444039 0.53315032 0.29790224 0.52576736]
 [0.7069632  0.2124615  0.32678263 0.18388071]
 [0.33437662 0.35737024 0.95889836 0.23408593]
 [0.90481952 0.58144572 0.3458672  0.56205796]
 [0.92327323 0.46876134 0.19670546 0.38925219]
 [0.35506454 0.28850525 0.18715889 0.48074953]
 [0.81449399 0.4372488  0.76883273 0.80380448]
 [0.73696315 0.99014695 0.38235219 0.07590575]
 [0.87460801 0.90060307 0.70278563 0.84081374]
 [0.15640763 0.37785566 0.1956758  0.00158169]
 [0.64861299 0.27120939 0.84638743 0.56782541]
 [0.4542987  0.01161012 0.65685342 0.77176423]
 [0.30475098 0.34999184 0.61784356 0.15524047]
 [0.43130853 0.92543796 0.51818121 0.79739808]
 [0.70674585 0.71426209 0.32157522 0.97174991]
 [0.31467564 0.69343559 0.11128392 0.70449194]]

Output Matrix:
[[0.56172019 0.52408564 0.5074797  0.50116773]
 [0.56915016 0.55065327 0.48939328 0.50417852]
 [0.56622443 0.53962866 0.48930806 0.51045009]
 [0.56944698 0.52773465 0.49177019 0.49825954]
 [0.56124793 0.52497394 0.51089953 0.4992656 ]
 [0.58225572 0.54597246 0.49118268 0.51859346]
 [0.57981725 0.54169608 0.48670033 0.51028488]
 [0.56356053 0.5309027  0.4875918  0.5063748 ]
 [0.58164518 0.53821302 0.50635921 0.52793521]
 [0.57576693 0.55639299 0.48709987 0.49976205]
 [0.58758298 0.55736838 0.50081718 0.53353592]
 [0.55338792 0.52906992 0.48523815 0.48524481]
 [0.57299466 0.52792026 0.50927046 0.51549695]
 [0.56775073 0.51953982 0.50602041 0.51875152]
 [0.55930784 0.5268677  0.49965737 0.49451676]
 [0.57498868 0.55567239 0.49416405 0.52630399]
 [0.58235705 0.55276172 0.49081624 0.53405808]
 [0.56815481 0.54820154 0.48284345 0.51791372]]

Q Matrix:
[[0.57996252 0.59235414 0.83124026 0.42421992]
 [0.02526265 0.08308589 0.31450098 0.53091364]
 [0.49963781 0.69091091 0.12913438 0.54830898]
 [0.48470663 0.5617324  0.38351482 0.89247215]
 [0.83737069 0.28327014 0.26951789 0.25367349]
 [0.59539382 0.12136199 0.6799981  0.26814646]
 [0.56554454 0.11434369 0.00863362 0.90162161]
 [0.75537803 0.7219339  0.01084557 0.34760625]
 [0.16787055 0.66497449 0.71254905 0.49072302]
 [0.15318087 0.78670346 0.51341244 0.36587244]
 [0.15906459 0.28378294 0.35323135 0.25964948]
 [0.15794446 0.92638521 0.82348479 0.39465584]
 [0.90437013 0.72643994 0.80039519 0.79872332]
 [0.86839678 0.21227869 0.66177083 0.44504012]
 [0.95975552 0.59117209 0.83961059 0.76599401]
 [0.98141709 0.74337103 0.93009544 0.25089143]
 [0.56383703 0.67314554 0.18715922 0.24913335]
 [0.68736843 0.69580893 0.95913497 0.34409706]]

K Matrix:
[[0.57996252 0.59235414 0.83124026 0.42421992]
 [0.02526265 0.08308589 0.31450098 0.53091364]
 [0.49963781 0.69091091 0.12913438 0.54830898]
 [0.48470663 0.5617324  0.38351482 0.89247215]
 [0.83737069 0.28327014 0.26951789 0.25367349]
 [0.59539382 0.12136199 0.6799981  0.26814646]
 [0.56554454 0.11434369 0.00863362 0.90162161]
 [0.75537803 0.7219339  0.01084557 0.34760625]
 [0.16787055 0.66497449 0.71254905 0.49072302]
 [0.15318087 0.78670346 0.51341244 0.36587244]
 [0.15906459 0.28378294 0.35323135 0.25964948]
 [0.15794446 0.92638521 0.82348479 0.39465584]
 [0.90437013 0.72643994 0.80039519 0.79872332]
 [0.86839678 0.21227869 0.66177083 0.44504012]
 [0.95975552 0.59117209 0.83961059 0.76599401]
 [0.98141709 0.74337103 0.93009544 0.25089143]
 [0.56383703 0.67314554 0.18715922 0.24913335]
 [0.68736843 0.69580893 0.95913497 0.34409706]]

V Matrix:
[[0.57996252 0.59235414 0.83124026 0.42421992]
 [0.02526265 0.08308589 0.31450098 0.53091364]
 [0.49963781 0.69091091 0.12913438 0.54830898]
 [0.48470663 0.5617324  0.38351482 0.89247215]
 [0.83737069 0.28327014 0.26951789 0.25367349]
 [0.59539382 0.12136199 0.6799981  0.26814646]
 [0.56554454 0.11434369 0.00863362 0.90162161]
 [0.75537803 0.7219339  0.01084557 0.34760625]
 [0.16787055 0.66497449 0.71254905 0.49072302]
 [0.15318087 0.78670346 0.51341244 0.36587244]
 [0.15906459 0.28378294 0.35323135 0.25964948]
 [0.15794446 0.92638521 0.82348479 0.39465584]
 [0.90437013 0.72643994 0.80039519 0.79872332]
 [0.86839678 0.21227869 0.66177083 0.44504012]
 [0.95975552 0.59117209 0.83961059 0.76599401]
 [0.98141709 0.74337103 0.93009544 0.25089143]
 [0.56383703 0.67314554 0.18715922 0.24913335]
 [0.68736843 0.69580893 0.95913497 0.34409706]]

Output Matrix:
[[0.59006384 0.55629492 0.57603515 0.48258283]
 [0.55888552 0.53223967 0.5374366  0.48548426]
 [0.57897919 0.54968684 0.54172549 0.48689917]
 [0.58243208 0.5483304  0.55144798 0.49496356]
 [0.59381961 0.53989115 0.54797523 0.48130502]
 [0.58786141 0.53992748 0.56301399 0.47996502]
 [0.58092577 0.52909144 0.527442   0.49788069]
 [0.58817769 0.5498151  0.53944672 0.48310175]
 [0.57025373 0.55659126 0.56636181 0.48262764]
 [0.5669231  0.55789099 0.55862827 0.47992931]
 [0.56466985 0.54009714 0.54446448 0.47889661]
 [0.57066179 0.56620554 0.57528191 0.47957505]
 [0.60582956 0.55951239 0.57944329 0.49300085]
 [0.6005009  0.54265984 0.56624121 0.48519643]
 [0.60851032 0.55615948 0.58031857 0.49253674]
 [0.60856588 0.56247644 0.5880623  0.47964874]
 [0.58133777 0.55060419 0.54584314 0.47974271]
 [0.59617384 0.56124122 0.58499346 0.48067456]]

Q Matrix:
[[0.30578822 0.18115572 0.82081776 0.25258126]
 [0.0558975  0.63366669 0.88531929 0.89576798]
 [0.59006091 0.52285981 0.19471458 0.94090288]
 [0.79046197 0.93560176 0.88904546 0.4365942 ]
 [0.34461968 0.96618518 0.3469202  0.80878271]
 [0.64442064 0.08435785 0.33617356 0.02860212]
 [0.81839561 0.79711151 0.90824022 0.46693315]
 [0.90136553 0.41848324 0.21442866 0.90176934]
 [0.34201605 0.5198816  0.15015827 0.25599214]
 [0.26404674 0.87357203 0.08682771 0.53060435]
 [0.29147076 0.87549338 0.45480889 0.93892248]
 [0.51331252 0.34464932 0.53901144 0.67707579]
 [0.38363659 0.34902138 0.86002421 0.51319165]
 [0.68933491 0.66721579 0.72514766 0.91133032]
 [0.61651409 0.81996928 0.5590867  0.95533195]
 [0.95935462 0.85021279 0.032422   0.63258721]
 [0.18999362 0.59102745 0.48786491 0.84562937]
 [0.02808528 0.31423351 0.06112537 0.01415295]]

K Matrix:
[[0.30578822 0.18115572 0.82081776 0.25258126]
 [0.0558975  0.63366669 0.88531929 0.89576798]
 [0.59006091 0.52285981 0.19471458 0.94090288]
 [0.79046197 0.93560176 0.88904546 0.4365942 ]
 [0.34461968 0.96618518 0.3469202  0.80878271]
 [0.64442064 0.08435785 0.33617356 0.02860212]
 [0.81839561 0.79711151 0.90824022 0.46693315]
 [0.90136553 0.41848324 0.21442866 0.90176934]
 [0.34201605 0.5198816  0.15015827 0.25599214]
 [0.26404674 0.87357203 0.08682771 0.53060435]
 [0.29147076 0.87549338 0.45480889 0.93892248]
 [0.51331252 0.34464932 0.53901144 0.67707579]
 [0.38363659 0.34902138 0.86002421 0.51319165]
 [0.68933491 0.66721579 0.72514766 0.91133032]
 [0.61651409 0.81996928 0.5590867  0.95533195]
 [0.95935462 0.85021279 0.032422   0.63258721]
 [0.18999362 0.59102745 0.48786491 0.84562937]
 [0.02808528 0.31423351 0.06112537 0.01415295]]

V Matrix:
[[0.30578822 0.18115572 0.82081776 0.25258126]
 [0.0558975  0.63366669 0.88531929 0.89576798]
 [0.59006091 0.52285981 0.19471458 0.94090288]
 [0.79046197 0.93560176 0.88904546 0.4365942 ]
 [0.34461968 0.96618518 0.3469202  0.80878271]
 [0.64442064 0.08435785 0.33617356 0.02860212]
 [0.81839561 0.79711151 0.90824022 0.46693315]
 [0.90136553 0.41848324 0.21442866 0.90176934]
 [0.34201605 0.5198816  0.15015827 0.25599214]
 [0.26404674 0.87357203 0.08682771 0.53060435]
 [0.29147076 0.87549338 0.45480889 0.93892248]
 [0.51331252 0.34464932 0.53901144 0.67707579]
 [0.38363659 0.34902138 0.86002421 0.51319165]
 [0.68933491 0.66721579 0.72514766 0.91133032]
 [0.61651409 0.81996928 0.5590867  0.95533195]
 [0.95935462 0.85021279 0.032422   0.63258721]
 [0.18999362 0.59102745 0.48786491 0.84562937]
 [0.02808528 0.31423351 0.06112537 0.01415295]]

Output Matrix:
[[0.49893536 0.61082225 0.51450851 0.6308281 ]
 [0.49367629 0.63437704 0.51882428 0.66446832]
 [0.51373201 0.63397808 0.48717284 0.66481209]
 [0.52221202 0.64176981 0.51910009 0.65127947]
 [0.50636986 0.64464378 0.4944736  0.6655141 ]
 [0.50985799 0.60498871 0.49135761 0.61920258]
 [0.52235048 0.63801451 0.51975226 0.65055481]
 [0.52462875 0.63173411 0.48734168 0.66259732]
 [0.5022664  0.62166067 0.48384038 0.63530103]
 [0.50232448 0.63710695 0.48200698 0.65225827]
 [0.50404533 0.64345668 0.49950585 0.66939607]
 [0.50880583 0.62428295 0.50240053 0.65164259]
 [0.50350591 0.62137332 0.51692488 0.64500327]
 [0.51732743 0.63903336 0.51110467 0.66609872]
 [0.51570432 0.64373389 0.50383435 0.66975731]
 [0.52861256 0.64157046 0.47921419 0.65792766]
 [0.49863054 0.6328554  0.50081656 0.66149942]
 [0.48807096 0.60826759 0.47834122 0.61891921]]

Q Matrix:
[[0.44285556 0.54627803 0.78412474 0.40892734]
 [0.45175804 0.49485895 0.97907648 0.13192687]
 [0.08040879 0.86781688 0.2410825  0.89374502]
 [0.61387772 0.25068001 0.80676956 0.26032774]
 [0.24237703 0.07052185 0.22598127 0.52784494]
 [0.35145113 0.50442028 0.1135381  0.97126315]
 [0.2874525  0.00537374 0.92283579 0.59835352]
 [0.50198563 0.89635025 0.66368362 0.49874585]
 [0.59700137 0.00856708 0.72663399 0.28784336]
 [0.66576116 0.51951567 0.83889984 0.41265182]
 [0.21534211 0.24024948 0.0563315  0.68259379]
 [0.81529625 0.471298   0.19302321 0.14362915]
 [0.94982787 0.70970765 0.88119527 0.93931374]
 [0.97947667 0.70527513 0.34698547 0.76017947]
 [0.50989796 0.41725231 0.78053955 0.61984503]
 [0.77175293 0.01925306 0.39923597 0.61571171]
 [0.98878405 0.03958491 0.2787194  0.20523487]
 [0.33481335 0.32881899 0.64134888 0.18424843]]

K Matrix:
[[0.44285556 0.54627803 0.78412474 0.40892734]
 [0.45175804 0.49485895 0.97907648 0.13192687]
 [0.08040879 0.86781688 0.2410825  0.89374502]
 [0.61387772 0.25068001 0.80676956 0.26032774]
 [0.24237703 0.07052185 0.22598127 0.52784494]
 [0.35145113 0.50442028 0.1135381  0.97126315]
 [0.2874525  0.00537374 0.92283579 0.59835352]
 [0.50198563 0.89635025 0.66368362 0.49874585]
 [0.59700137 0.00856708 0.72663399 0.28784336]
 [0.66576116 0.51951567 0.83889984 0.41265182]
 [0.21534211 0.24024948 0.0563315  0.68259379]
 [0.81529625 0.471298   0.19302321 0.14362915]
 [0.94982787 0.70970765 0.88119527 0.93931374]
 [0.97947667 0.70527513 0.34698547 0.76017947]
 [0.50989796 0.41725231 0.78053955 0.61984503]
 [0.77175293 0.01925306 0.39923597 0.61571171]
 [0.98878405 0.03958491 0.2787194  0.20523487]
 [0.33481335 0.32881899 0.64134888 0.18424843]]

V Matrix:
[[0.44285556 0.54627803 0.78412474 0.40892734]
 [0.45175804 0.49485895 0.97907648 0.13192687]
 [0.08040879 0.86781688 0.2410825  0.89374502]
 [0.61387772 0.25068001 0.80676956 0.26032774]
 [0.24237703 0.07052185 0.22598127 0.52784494]
 [0.35145113 0.50442028 0.1135381  0.97126315]
 [0.2874525  0.00537374 0.92283579 0.59835352]
 [0.50198563 0.89635025 0.66368362 0.49874585]
 [0.59700137 0.00856708 0.72663399 0.28784336]
 [0.66576116 0.51951567 0.83889984 0.41265182]
 [0.21534211 0.24024948 0.0563315  0.68259379]
 [0.81529625 0.471298   0.19302321 0.14362915]
 [0.94982787 0.70970765 0.88119527 0.93931374]
 [0.97947667 0.70527513 0.34698547 0.76017947]
 [0.50989796 0.41725231 0.78053955 0.61984503]
 [0.77175293 0.01925306 0.39923597 0.61571171]
 [0.98878405 0.03958491 0.2787194  0.20523487]
 [0.33481335 0.32881899 0.64134888 0.18424843]]

Output Matrix:
[[0.56242559 0.42428126 0.58259173 0.52028894]
 [0.56371707 0.4185893  0.59366109 0.50767524]
 [0.5449118  0.44362912 0.55110904 0.55001622]
 [0.56815099 0.41050316 0.58491394 0.51013019]
 [0.55159412 0.40516086 0.55453477 0.523979  ]
 [0.5536441  0.42983747 0.54592996 0.54758195]
 [0.55608412 0.4049276  0.58510128 0.51808404]
 [0.56447433 0.43975392 0.57734571 0.52999779]
 [0.56682014 0.40085386 0.58049707 0.50839594]
 [0.57045428 0.42382805 0.58574737 0.51922094]
 [0.54908855 0.41413881 0.54521988 0.53413208]
 [0.57415217 0.41634236 0.56022444 0.51426656]
 [0.5812798  0.44064746 0.58457802 0.54108146]
 [0.5798476  0.43627071 0.56282993 0.53897982]
 [0.5642067  0.42230797 0.5803901  0.52593048]
 [0.57128454 0.40554499 0.56365833 0.52283783]
 [0.57992269 0.4002205  0.56253472 0.50880979]
 [0.55820139 0.41171114 0.57770094 0.51070488]]

Q Matrix:
[[0.94359943 0.44005572 0.72914972 0.61289806]
 [0.22640253 0.43035661 0.53891099 0.63044688]
 [0.93726675 0.07028258 0.99713888 0.10673177]
 [0.37724482 0.51197285 0.68528126 0.49157988]
 [0.13517446 0.65837329 0.7322821  0.54832452]
 [0.27308059 0.96298136 0.11119594 0.58262929]
 [0.42713859 0.88964425 0.78291306 0.25592982]
 [0.68845096 0.40380039 0.40504343 0.31473374]
 [0.72784719 0.44830847 0.20842916 0.0303985 ]
 [0.20518403 0.54232849 0.15351954 0.60808604]
 [0.84340611 0.7863088  0.24972779 0.35646724]
 [0.63841198 0.46431505 0.16814193 0.03509984]
 [0.18946265 0.84350923 0.43615825 0.6448355 ]
 [0.50060611 0.77966075 0.4316213  0.77926954]
 [0.08827742 0.37612003 0.64302651 0.49297953]]

K Matrix:
[[0.94359943 0.44005572 0.72914972 0.61289806]
 [0.22640253 0.43035661 0.53891099 0.63044688]
 [0.93726675 0.07028258 0.99713888 0.10673177]
 [0.37724482 0.51197285 0.68528126 0.49157988]
 [0.13517446 0.65837329 0.7322821  0.54832452]
 [0.27308059 0.96298136 0.11119594 0.58262929]
 [0.42713859 0.88964425 0.78291306 0.25592982]
 [0.68845096 0.40380039 0.40504343 0.31473374]
 [0.72784719 0.44830847 0.20842916 0.0303985 ]
 [0.20518403 0.54232849 0.15351954 0.60808604]
 [0.84340611 0.7863088  0.24972779 0.35646724]
 [0.63841198 0.46431505 0.16814193 0.03509984]
 [0.18946265 0.84350923 0.43615825 0.6448355 ]
 [0.50060611 0.77966075 0.4316213  0.77926954]
 [0.08827742 0.37612003 0.64302651 0.49297953]]

V Matrix:
[[0.94359943 0.44005572 0.72914972 0.61289806]
 [0.22640253 0.43035661 0.53891099 0.63044688]
 [0.93726675 0.07028258 0.99713888 0.10673177]
 [0.37724482 0.51197285 0.68528126 0.49157988]
 [0.13517446 0.65837329 0.7322821  0.54832452]
 [0.27308059 0.96298136 0.11119594 0.58262929]
 [0.42713859 0.88964425 0.78291306 0.25592982]
 [0.68845096 0.40380039 0.40504343 0.31473374]
 [0.72784719 0.44830847 0.20842916 0.0303985 ]
 [0.20518403 0.54232849 0.15351954 0.60808604]
 [0.84340611 0.7863088  0.24972779 0.35646724]
 [0.63841198 0.46431505 0.16814193 0.03509984]
 [0.18946265 0.84350923 0.43615825 0.6448355 ]
 [0.50060611 0.77966075 0.4316213  0.77926954]
 [0.08827742 0.37612003 0.64302651 0.49297953]]

Output Matrix:
[[0.50753283 0.57114702 0.50884442 0.4373929 ]
 [0.47585261 0.58307092 0.49865308 0.44937442]
 [0.52294027 0.55071019 0.52437833 0.41942869]
 [0.48403828 0.58015518 0.50345655 0.4441752 ]
 [0.47136101 0.58729744 0.50210244 0.45087342]
 [0.47058903 0.601269   0.47855308 0.45312681]
 [0.48539402 0.58638596 0.50270368 0.44128628]
 [0.50011576 0.57459231 0.49688555 0.43365921]
 [0.5049431  0.57460483 0.48969616 0.42603349]
 [0.47242184 0.59064131 0.48442826 0.45059249]
 [0.5001185  0.58559576 0.48744637 0.43649891]
 [0.50073373 0.57680166 0.48767521 0.4278416 ]
 [0.46871031 0.59603859 0.49026296 0.454583  ]
 [0.48014667 0.59199244 0.4919542  0.45248069]
 [0.47342124 0.58063712 0.50234299 0.44748162]]

Q Matrix:
[[0.66658851 0.80628755 0.92638804 0.7755136 ]
 [0.6959927  0.07881816 0.75832029 0.22675383]
 [0.15353418 0.95377394 0.16627743 0.12308217]
 [0.44135952 0.68128456 0.5709531  0.47226672]
 [0.15657056 0.75040979 0.98649992 0.58478945]
 [0.92111784 0.38395855 0.82030954 0.55271054]
 [0.75642451 0.85967254 0.55220918 0.41054261]
 [0.84335377 0.21801254 0.7414768  0.9376994 ]
 [0.30601773 0.50323171 0.27659433 0.20735418]
 [0.05155985 0.02633468 0.7191243  0.21900615]
 [0.49764079 0.24190576 0.49065756 0.79442983]
 [0.65076278 0.73428086 0.93520389 0.67258302]
 [0.33537098 0.67466617 0.89525717 0.1595155 ]
 [0.23488094 0.78453988 0.07051286 0.12265615]
 [0.1673626  0.76390418 0.56311016 0.53993742]
 [0.93293645 0.48888541 0.3969838  0.08584149]
 [0.24921373 0.82325394 0.33783444 0.88162599]]

K Matrix:
[[0.66658851 0.80628755 0.92638804 0.7755136 ]
 [0.6959927  0.07881816 0.75832029 0.22675383]
 [0.15353418 0.95377394 0.16627743 0.12308217]
 [0.44135952 0.68128456 0.5709531  0.47226672]
 [0.15657056 0.75040979 0.98649992 0.58478945]
 [0.92111784 0.38395855 0.82030954 0.55271054]
 [0.75642451 0.85967254 0.55220918 0.41054261]
 [0.84335377 0.21801254 0.7414768  0.9376994 ]
 [0.30601773 0.50323171 0.27659433 0.20735418]
 [0.05155985 0.02633468 0.7191243  0.21900615]
 [0.49764079 0.24190576 0.49065756 0.79442983]
 [0.65076278 0.73428086 0.93520389 0.67258302]
 [0.33537098 0.67466617 0.89525717 0.1595155 ]
 [0.23488094 0.78453988 0.07051286 0.12265615]
 [0.1673626  0.76390418 0.56311016 0.53993742]
 [0.93293645 0.48888541 0.3969838  0.08584149]
 [0.24921373 0.82325394 0.33783444 0.88162599]]

V Matrix:
[[0.66658851 0.80628755 0.92638804 0.7755136 ]
 [0.6959927  0.07881816 0.75832029 0.22675383]
 [0.15353418 0.95377394 0.16627743 0.12308217]
 [0.44135952 0.68128456 0.5709531  0.47226672]
 [0.15657056 0.75040979 0.98649992 0.58478945]
 [0.92111784 0.38395855 0.82030954 0.55271054]
 [0.75642451 0.85967254 0.55220918 0.41054261]
 [0.84335377 0.21801254 0.7414768  0.9376994 ]
 [0.30601773 0.50323171 0.27659433 0.20735418]
 [0.05155985 0.02633468 0.7191243  0.21900615]
 [0.49764079 0.24190576 0.49065756 0.79442983]
 [0.65076278 0.73428086 0.93520389 0.67258302]
 [0.33537098 0.67466617 0.89525717 0.1595155 ]
 [0.23488094 0.78453988 0.07051286 0.12265615]
 [0.1673626  0.76390418 0.56311016 0.53993742]
 [0.93293645 0.48888541 0.3969838  0.08584149]
 [0.24921373 0.82325394 0.33783444 0.88162599]]

Output Matrix:
[[0.50890273 0.59196494 0.6461708  0.50534891]
 [0.51148133 0.56551812 0.6372645  0.48227548]
 [0.47344249 0.60751492 0.60247842 0.46535656]
 [0.49514808 0.59183465 0.62785634 0.48715106]
 [0.48846377 0.59495563 0.64096285 0.49459359]
 [0.52064036 0.57438429 0.64421202 0.49761146]
 [0.50498423 0.59493958 0.62861088 0.48707565]
 [0.52182901 0.56938421 0.64656153 0.51077053]
 [0.48620286 0.58873323 0.61305912 0.47161223]
 [0.4854539  0.5700852  0.62987462 0.47568483]
 [0.50401461 0.57544457 0.63259434 0.49903969]
 [0.50828975 0.58951912 0.64531313 0.50145418]
 [0.49170229 0.59063804 0.63416046 0.47887399]
 [0.47732876 0.60136179 0.60107357 0.46459215]
 [0.48396085 0.59775459 0.62504903 0.48729814]
 [0.51189661 0.58063223 0.62255835 0.47378427]
 [0.48694571 0.60033378 0.62204689 0.49798373]]

Q Matrix:
[[0.77029287 0.17086554 0.4033901  0.33327673]
 [0.93972685 0.31523788 0.1010445  0.96442839]
 [0.05289063 0.33161    0.96102097 0.0528862 ]
 [0.33857598 0.08959689 0.45021538 0.71516483]
 [0.73797306 0.06131568 0.24840936 0.38831086]
 [0.42680682 0.25973383 0.8980582  0.90073049]
 [0.54285309 0.78487081 0.54597571 0.99418904]
 [0.25525402 0.09668733 0.24171315 0.34967356]
 [0.28608695 0.80205524 0.14414118 0.39039492]
 [0.90723386 0.3306742  0.52309722 0.42410244]
 [0.91125811 0.53660719 0.67613654 0.53192975]
 [0.12013872 0.71036298 0.40310321 0.18436357]
 [0.3648071  0.69014116 0.51803658 0.10195076]
 [0.37447757 0.19461768 0.76119809 0.6498488 ]
 [0.24770643 0.1436038  0.7559337  0.46656798]
 [0.87832415 0.69066121 0.8562252  0.68090072]
 [0.79979166 0.92318138 0.50442641 0.19615513]]

K Matrix:
[[0.77029287 0.17086554 0.4033901  0.33327673]
 [0.93972685 0.31523788 0.1010445  0.96442839]
 [0.05289063 0.33161    0.96102097 0.0528862 ]
 [0.33857598 0.08959689 0.45021538 0.71516483]
 [0.73797306 0.06131568 0.24840936 0.38831086]
 [0.42680682 0.25973383 0.8980582  0.90073049]
 [0.54285309 0.78487081 0.54597571 0.99418904]
 [0.25525402 0.09668733 0.24171315 0.34967356]
 [0.28608695 0.80205524 0.14414118 0.39039492]
 [0.90723386 0.3306742  0.52309722 0.42410244]
 [0.91125811 0.53660719 0.67613654 0.53192975]
 [0.12013872 0.71036298 0.40310321 0.18436357]
 [0.3648071  0.69014116 0.51803658 0.10195076]
 [0.37447757 0.19461768 0.76119809 0.6498488 ]
 [0.24770643 0.1436038  0.7559337  0.46656798]
 [0.87832415 0.69066121 0.8562252  0.68090072]
 [0.79979166 0.92318138 0.50442641 0.19615513]]

V Matrix:
[[0.77029287 0.17086554 0.4033901  0.33327673]
 [0.93972685 0.31523788 0.1010445  0.96442839]
 [0.05289063 0.33161    0.96102097 0.0528862 ]
 [0.33857598 0.08959689 0.45021538 0.71516483]
 [0.73797306 0.06131568 0.24840936 0.38831086]
 [0.42680682 0.25973383 0.8980582  0.90073049]
 [0.54285309 0.78487081 0.54597571 0.99418904]
 [0.25525402 0.09668733 0.24171315 0.34967356]
 [0.28608695 0.80205524 0.14414118 0.39039492]
 [0.90723386 0.3306742  0.52309722 0.42410244]
 [0.91125811 0.53660719 0.67613654 0.53192975]
 [0.12013872 0.71036298 0.40310321 0.18436357]
 [0.3648071  0.69014116 0.51803658 0.10195076]
 [0.37447757 0.19461768 0.76119809 0.6498488 ]
 [0.24770643 0.1436038  0.7559337  0.46656798]
 [0.87832415 0.69066121 0.8562252  0.68090072]
 [0.79979166 0.92318138 0.50442641 0.19615513]]

Output Matrix:
[[0.56252057 0.42834861 0.53769835 0.51282529]
 [0.57972319 0.43164724 0.52796509 0.53953617]
 [0.52563918 0.43203552 0.55909985 0.49196248]
 [0.54841379 0.4212547  0.54218596 0.52322008]
 [0.56219531 0.42341242 0.5328692  0.51496136]
 [0.55271753 0.42784155 0.55642749 0.53202129]
 [0.5637357  0.44855099 0.54489155 0.5346849 ]
 [0.54140223 0.42265912 0.53552043 0.50696817]
 [0.54696351 0.45087564 0.53231742 0.50526485]
 [0.5696259  0.43509197 0.54104643 0.51758929]
 [0.57145565 0.44290275 0.54625032 0.52130966]
 [0.53544598 0.44737325 0.54094736 0.49533792]
 [0.54420415 0.44815781 0.54328825 0.49562217]
 [0.54778514 0.42593728 0.55190155 0.52105441]
 [0.53975843 0.4239839  0.55220129 0.51211852]
 [0.57188972 0.44825908 0.55245807 0.52666789]
 [0.56538308 0.45923234 0.54111534 0.50394543]]

Q Matrix:
[[0.49144386 0.8252787  0.3452544  0.74051009]
 [0.05366312 0.68051684 0.69587534 0.41749841]
 [0.95957535 0.14283566 0.04970085 0.27676406]
 [0.74253621 0.41023273 0.4399447  0.24174146]
 [0.47119736 0.59215608 0.22649298 0.98877461]
 [0.81642904 0.72391835 0.8871662  0.26665671]
 [0.94732693 0.35595451 0.45937621 0.84392632]
 [0.79830817 0.8037467  0.63949266 0.35608228]
 [0.66730746 0.35567477 0.37004158 0.73693116]
 [0.48611669 0.47053172 0.93129565 0.83476939]
 [0.39336629 0.13551565 0.05690424 0.51157437]
 [0.49305766 0.41974365 0.78941432 0.7804149 ]
 [0.82167056 0.88576874 0.61925877 0.62762158]
 [0.15645255 0.82700763 0.41334789 0.19975231]
 [0.91433911 0.3665214  0.07509985 0.08186553]
 [0.67448975 0.60806438 0.95112189 0.95864628]
 [0.17919145 0.44161097 0.12665566 0.87998178]]

K Matrix:
[[0.49144386 0.8252787  0.3452544  0.74051009]
 [0.05366312 0.68051684 0.69587534 0.41749841]
 [0.95957535 0.14283566 0.04970085 0.27676406]
 [0.74253621 0.41023273 0.4399447  0.24174146]
 [0.47119736 0.59215608 0.22649298 0.98877461]
 [0.81642904 0.72391835 0.8871662  0.26665671]
 [0.94732693 0.35595451 0.45937621 0.84392632]
 [0.79830817 0.8037467  0.63949266 0.35608228]
 [0.66730746 0.35567477 0.37004158 0.73693116]
 [0.48611669 0.47053172 0.93129565 0.83476939]
 [0.39336629 0.13551565 0.05690424 0.51157437]
 [0.49305766 0.41974365 0.78941432 0.7804149 ]
 [0.82167056 0.88576874 0.61925877 0.62762158]
 [0.15645255 0.82700763 0.41334789 0.19975231]
 [0.91433911 0.3665214  0.07509985 0.08186553]
 [0.67448975 0.60806438 0.95112189 0.95864628]
 [0.17919145 0.44161097 0.12665566 0.87998178]]

V Matrix:
[[0.49144386 0.8252787  0.3452544  0.74051009]
 [0.05366312 0.68051684 0.69587534 0.41749841]
 [0.95957535 0.14283566 0.04970085 0.27676406]
 [0.74253621 0.41023273 0.4399447  0.24174146]
 [0.47119736 0.59215608 0.22649298 0.98877461]
 [0.81642904 0.72391835 0.8871662  0.26665671]
 [0.94732693 0.35595451 0.45937621 0.84392632]
 [0.79830817 0.8037467  0.63949266 0.35608228]
 [0.66730746 0.35567477 0.37004158 0.73693116]
 [0.48611669 0.47053172 0.93129565 0.83476939]
 [0.39336629 0.13551565 0.05690424 0.51157437]
 [0.49305766 0.41974365 0.78941432 0.7804149 ]
 [0.82167056 0.88576874 0.61925877 0.62762158]
 [0.15645255 0.82700763 0.41334789 0.19975231]
 [0.91433911 0.3665214  0.07509985 0.08186553]
 [0.67448975 0.60806438 0.95112189 0.95864628]
 [0.17919145 0.44161097 0.12665566 0.87998178]]

Output Matrix:
[[0.60061958 0.55469862 0.50968891 0.60205149]
 [0.5882447  0.55856117 0.51990044 0.59473066]
 [0.62372355 0.53088977 0.4819816  0.57715937]
 [0.61486801 0.54523422 0.50364639 0.58135978]
 [0.59910092 0.54712254 0.50312351 0.61149975]
 [0.61586511 0.55924815 0.52840189 0.58561041]
 [0.61755892 0.54278809 0.50944687 0.60455253]
 [0.61417137 0.55759294 0.51944844 0.58700134]
 [0.60883613 0.54279587 0.5042512  0.60148435]
 [0.60218016 0.55396944 0.53162951 0.61133403]
 [0.60184419 0.53401005 0.48456008 0.59164887]
 [0.60275038 0.55097368 0.5241647  0.60801825]
 [0.61278447 0.55875689 0.52207782 0.59750392]
 [0.59211676 0.55821636 0.50797389 0.5828253 ]
 [0.62255229 0.53729793 0.48495587 0.56979606]
 [0.60726479 0.55646761 0.53561649 0.61496675]
 [0.59011687 0.54349163 0.49516968 0.60847689]]

